报告日期,2019-12-31,2018-12-31,2017-12-31,2016-12-31,2015-12-31,2014-12-31,2013-12-31,2012-12-31,2011-12-31,2010-12-31,2009-12-31,2008-12-31,2007-12-31,2006-12-31,2005-12-31,2004-12-31,
基本每股收益(元),0.3,1.15,0.76,0.68,1.86,1.67,-0.25,0.06,0.02,0.13,0.12,0.11,0.34,0.28,0.18,0.34,
每股净资产(元),--,--,--,--,--,--,--,2.82,2.75,2.77,2.63,2.51,2.63,1.43,1.16,1.35,
每股经营活动产生的现金流量净额(元),--,--,--,--,--,--,--,--,-0.15,0.32,0.36,-0.01,-0.1,0.28,0.04,-0.48,
主营业务收入(万元),322050,358125,323568,253011,153469,84354,91981,82549,30599,34545,27834,28744,28098,19348,16150,10313,
主营业务利润(万元),97434,198382,166790,118798,88049,57170,4608,6826,5298,5876,4126,3449,5309,3637,2673,1557,
营业利润(万元),16608,105001,64627,52801,43027,34095,-3244,379,-526,1008,930,-130,2617,1946,1251,1005,
投资收益(万元),13701,22735,278,3238,985,-269,--,--,-34,--,62,62,--,--,--,--,
营业外收支净额(万元),-111,607,2723,5723,6401,5769,391,327,607,301,298,--,--,254,64,54,
利润总额(万元),16498,105609,67351,58524,49428,39864,-2853,705,82,1309,1228,555,2658,2200,1315,1060,
净利润(万元),25654,100912,65589,58788,51557,41459,-2046,493,193,1053,985,882,2294,1731,1134,773,
净利润(扣除非经常性损益后)(万元),-16997,73672,59872,55485,48395,39720,-2348,241,-292,800,672,322,2266,1547,1094,734,
经营活动产生的现金流量净额(万元),55044,27334,74151,56139,32847,24383,982,15432,-1266,2668,3005,-109,-827,1720,245,-2139,
现金及现金等价物净增加额(万元),64487,-71559,93750,18186,4500,-8467,-5715,7878,-2495,-2879,-80,-2505,8833,3054,531,206,
总资产(万元),892631,733258,663595,470386,292468,137549,59398,68725,45943,45543,34627,36616,32558,17445,12152,8885,
流动资产(万元),339999,318406,313399,164127,97920,40365,27850,33764,25265,29834,27855,32391,28773,13772,8531,5774,
总负债(万元),398021,282632,256751,198341,73670,47945,32663,39098,22748,21949,12125,15064,10669,8557,4996,2873,
流动负债(万元),295220,239320,213877,149222,42015,47852,31267,38063,21748,20949,12125,15064,10669,8557,4996,2873,
股东权益不含少数股东权益(万元),494893,450962,405116,271148,218821,90447,21936,23417,22834,22963,21817,20794,21790,8878,7147,6013,
净资产收益率加权(%),5.49,23.62,21.12,24.12,42.19,67.07,-9.13,2.13,0.84,4.7,4.62,4.12,18.08,22,23,24,
		
		
		
		
		
		
		
		
		
		
		
		
		
		
		
		
		
		