报告日期,2019-12-31,2018-12-31,2017-12-31,2016-12-31,2015-12-31,2014-12-31,2013-12-31,2012-12-31,2011-12-31,
基本每股收益(元),0.69,0.9,0.48,0.39,0.18,0.25,0.26,0.18,0.34,
每股净资产(元),--,3.73,2.84,2.36,1.97,1.79,1.66,1.4,1.22,
每股经营活动产生的现金流量净额(元),--,0.76,0.27,0.33,1.14,0.36,-0.36,0.19,0.25,
主营业务收入(万元),153954,155379,126408,84049,67708,85560,81155,60509,66018,
主营业务利润(万元),27093,28883,21197,16247,12971,16580,15007,11653,12152,
营业利润(万元),11056,13228,7297,5677,2195,3665,3598,2509,4320,
投资收益(万元),256,5,7,-17,--,--,--,--,--,
营业外收支净额(万元),444,382,6,205,538,136,191,90,69,
利润总额(万元),11500,13610,7303,5881,2733,3802,3789,2600,4388,
净利润(万元),10844,11558,6181,4985,2310,3206,3169,2134,3758,
净利润(扣除非经常性损益后)(万元),9744,11079,6147,4821,1854,3090,3009,2060,3700,
经营活动产生的现金流量净额(万元),7701,9745,3490,4277,14751,4679,-4600,2276,2959,
现金及现金等价物净增加额(万元),6735,845,2378,-3891,-1687,2545,952,-1664,5362,
总资产(万元),124680,88384,78968,65475,60541,72655,67616,52582,49659,
流动资产(万元),100572,67883,59360,48635,43666,55282,52057,38311,38491,
总负债(万元),30579,40208,42350,35037,35074,49498,46165,35863,35074,
流动负债(万元),29147,38688,40794,33468,33486,49363,46011,35696,35074,
股东权益不含少数股东权益(万元),94101,48176,36618,30437,25467,23157,21451,16719,14585,
净资产收益率加权(%),14.03,27.26,18.43,17.84,9.5,14.37,16.69,13.64,25.37,
		
		
		
		
		
		
		
		
		
		
		
		
		
		
		
		
		
		